56
21
43
52
27
41
29
99
89
84
84
63
15
80
47
13
33
8
18
57
32
13
31
70
64
25
87
7
57
2
84
96
80
7
87
75
81
66
26
52
50
91
13
70
10
9
32
13
13
38
26
23
81
37
11
35
10
24
76
30
69
99
58
17
20
19
29
59
20
65
65
40
58
68
21
93
47
66
35
11
91
8
45
76
20
4
11
98
71
94
77
40
56
53
88
63
20
35
40
46
47
78
58
53
7
56
3
42
52
84
14
14
37
50
11
43
42
61
12
58
87
100
25
95
55
49
39
75
17
56
46
84
98
100
64
29
1
68
2
90
61
93
17
75
18
26
72
100
52
71
32
34
5
38
58
39
23
56
45
12
79
21
62
41
37
61
49
96
76
41
4
66
85
0
6
83
79
93
85
77
19
36
70
87
25
87
53
61
32
39
55
69
67
61
93
9
56
92
24
4
8
80
55
93
64
77
92
68
59
39
45
32
7
50
20
21
88
40
53
40
15
90
92
14
93
2
45
71
22
36
67
15
41
74
10
93
1
77
27
77
17
17
40
63
27
79
21
56
80
90
57
39
97
62
53
11
46
44
0
17
92
89
69
30
69
61
29
93
40
97
17
40
85
4
20
37
58
9
23
83
41
86
99
48
40
3
12
54
16
88
12
76
75
65
12
45
7
89
29
57
27
31
16
33
43
79
21
53
6
60
51
3
21
32
16
92
24
21
21
56
75
100
33
98
72
96
28
98
24
78
12
8
67
25
14
71
6
36
51
3
44
37
66
35
12
61
92
88
30
26
100
88
4
46
53
64
12
26
12
62
29
53
21
14
80
75
77
11
99
80
18
11
43
96
33
43
36
78
43
97
62
12
47
72
62
50
44
78
69
61
50
54
37
74
53
45
75
71
41
8
23
27
72
23
9
94
58
65
11
15
31
86
78
88
74
14
55
81
22
34
53
43
74
14
98
47
91
52
10
49
66
82
74
63
94
84
9
6
59
69
12
98
97
13
93
87
2
89
65
88
25
18
24
89
10
15
9
99
69
91
26
0
1
58
82
16
1
4
24
52
63
28
36
0
83
86
36
47
1
85
17
68
92
45
41
99
13
87
89
69
100
0
39
82
59
57
98
97
1
25
45
96
10
24
55
88
37
49
88
14
17
53
22
13
79
13
35
66
73
81
43
28
36
38
40
64
38
50
13
68
25
57
47
44
14
42
95
98
80
25
90
58
72
55
58
63
17
56
95
87
21
96
1
48
94
78
86
88
44
93
15
61
24
38
58
94
16
67
24
81
31
99
49
75
88
14
69
13
25
76
21
28
83
50
89
93
28
58
18
20
14
15
51
73
71
97
1
43
1
91
64
69
8
67
60
84
8
61
55
44
41
11
45
8
49
35
90
5
40
50
77
61
16
70
36
25
53
14
2
49
8
75
95
21
63
38
91
87
49
57
93
53
36
71
42
10
96
87
93
52
19
35
32
38
86
28
26
76
47
39
79
91
76
58
74
72
93
86
60
11
35
40
19
4
48
32
25
15
31
57
1
81
86
31
40
0
62
6
26
100
56
66
67
33
29
55
39
71
81
97
97
9
39
9
8
53
96
21
66
68
14
80
49
66
60
98
53
75
52
37
69
25
49
46
19
97
53
78
6
29
93
21
6
38
17
25
28
87
28
96
99
37
74
49
11
10
20
4
72
11
23
16
1
80
92
85
82
44
36
95
83
9
53
57
0
16
15
45
31
83
77
20
48
40
58
42
26
54
43
61
23
9
13
85
72
87
39
70
7
21
59
64
62
13
47
99
21
42
100
93
17
38
86
41
24
11
6
51
89
38
60
47
12
23
34
64
22
71
1
16
45
85
99
90
18
70
30
84
26
24
37
9
8
81
16
1
59
42
66
49
48
84
81
63
33
44
15
37
89
71
69
81
37
35
29
85
71
44
85
20
87
34
86
99
62
53
55
84
84
15
7
11
34
22
75
7
63
75
42
17
46
74
66
92
36
72
3
10
25
96
30
89
30
33
32
59
22
74
17
48
56
49
3
100
27
51
64
55
84
90
64
42
62
26
34
93
81
65
31
65
76
65
20
84
48
91
56
20
100
36
60
63
33
22
63
19
41
28
24
36
23
12
18
78
43
29
57
62
59
57
10
4
37
98
18
70
89
84
60
93
55
84
4
97
77
78
43
94
45
10
57
72
85
96
55
68
26
19
42
29
84
85
10
67
92
67
21
42
48
1
27
79
49
35
28
42
66
84
98
67
